gcc.trace
0.9380161844,0.0619838156,128,4,4
0.9383109391,0.0616890609,256,4,4
0.9383536010,0.0616463990,512,4,4
0.9383555401,0.0616444599,1024,4,4
0.9383555401,0.0616444599,2048,4,4
0.9383555401,0.0616444599,4096,4,4
gzip.trace
0.6670554045,0.3329445955,128,4,4
0.6670554045,0.3329445955,256,4,4
0.6670554045,0.3329445955,512,4,4
0.6670554045,0.3329445955,1024,4,4
0.6670554045,0.3329445955,2048,4,4
0.6670554045,0.3329445955,4096,4,4
mcf.trace
0.0103241065,0.9896758935,128,4,4
0.0103241065,0.9896758935,256,4,4
0.0103241065,0.9896758935,512,4,4
0.0103241065,0.9896758935,1024,4,4
0.0103241065,0.9896758935,2048,4,4
0.0104547392,0.9895452608,4096,4,4
swim.trace
0.9261988239,0.0738011761,128,4,4
0.9262252097,0.0737747903,256,4,4
0.9262252097,0.0737747903,512,4,4
0.9262252097,0.0737747903,1024,4,4
0.9262252097,0.0737747903,2048,4,4
0.9262252097,0.0737747903,4096,4,4
twolf.trace
0.9876124633,0.0123875367,128,4,4
0.9876145345,0.0123854655,256,4,4
0.9876145345,0.0123854655,512,4,4
0.9876145345,0.0123854655,1024,4,4
0.9876145345,0.0123854655,2048,4,4
0.9876145345,0.0123854655,4096,4,4
