gcc.trace
0.938305,0.0616949,1024,4,1
0.938348,0.0616522,1024,4,2
0.938356,0.0616445,1024,4,4
0.938356,0.0616445,1024,4,8
0.938357,0.0616425,1024,4,16
0.938359,0.0616406,1024,4,32
0.938359,0.0616406,1024,4,64
gzip.trace
0.667055,0.332945,1024,4,1
0.667055,0.332945,1024,4,2
0.667055,0.332945,1024,4,4
0.667055,0.332945,1024,4,8
0.667055,0.332945,1024,4,16
0.667055,0.332945,1024,4,32
0.667055,0.332945,1024,4,64
mcf.trace
0.01032,0.98968,1024,4,1
0.0103227,0.989677,1024,4,2
0.0103241,0.989676,1024,4,4
0.0103241,0.989676,1024,4,8
0.0103241,0.989676,1024,4,16
0.0103241,0.989676,1024,4,32
0.0103241,0.989676,1024,4,64
swim.trace
0.926205,0.0737946,1024,4,1
0.926225,0.0737748,1024,4,2
0.926225,0.0737748,1024,4,4
0.926225,0.0737748,1024,4,8
0.926225,0.0737748,1024,4,16
0.926225,0.0737748,1024,4,32
0.926225,0.0737748,1024,4,64
twolf.trace
0.987463,0.0125367,1024,4,1
0.987608,0.0123917,1024,4,2
0.987615,0.0123855,1024,4,4
0.987615,0.0123855,1024,4,8
0.987615,0.0123855,1024,4,16
0.987615,0.0123855,1024,4,32
0.987615,0.0123855,1024,4,64
